-3.277553835514456226e-01
-2.277553835514456171e-01
-1.277553835514456115e-01
-2.775538355144557823e-02
7.224461644855439957e-02
1.722446164485543774e-01
2.722446164485544662e-01
3.722446164485544440e-01
4.722446164485544218e-01
5.722446164485543996e-01
6.722446164485543774e-01
7.722446164485544662e-01
8.722446164485545550e-01
9.722446164485544218e-01
1.072244616448554400e+00
1.172244616448554488e+00
1.272244616448554577e+00
1.372244616448554666e+00
1.472244616448554311e+00
1.572244616448554400e+00
1.672244616448554488e+00
1.772244616448554577e+00
1.872244616448554666e+00
1.972244616448554755e+00
2.072244616448554844e+00
2.172244616448554488e+00
2.272244616448554577e+00
2.372244616448554666e+00
2.472244616448554755e+00
2.572244616448554844e+00
2.672244616448554488e+00
2.772244616448554577e+00
2.872244616448554666e+00
2.972244616448554755e+00
3.072244616448554844e+00
3.172244616448554488e+00
3.272244616448554577e+00
3.372244616448554666e+00
3.472244616448554755e+00
3.572244616448554844e+00
3.672244616448554488e+00
3.772244616448555021e+00
3.872244616448554666e+00
3.972244616448554311e+00
4.072244616448554844e+00
4.172244616448554488e+00
4.272244616448555021e+00
4.372244616448554666e+00
4.472244616448555199e+00
4.572244616448554844e+00
4.672244616448554488e+00
4.772244616448555021e+00
4.872244616448554666e+00
4.972244616448555199e+00
5.072244616448554844e+00
5.172244616448554488e+00
5.272244616448555021e+00
5.372244616448554666e+00
5.472244616448555199e+00
5.572244616448554844e+00
5.672244616448554488e+00
5.772244616448555021e+00
5.872244616448554666e+00
5.972244616448555199e+00
6.072244616448554844e+00
6.172244616448554488e+00
6.272244616448555021e+00
6.372244616448554666e+00
6.472244616448555199e+00
6.572244616448554844e+00
6.672244616448554488e+00
6.772244616448555021e+00
6.872244616448554666e+00
6.972244616448555199e+00
7.072244616448554844e+00
7.172244616448554488e+00
7.272244616448555021e+00
7.372244616448554666e+00
7.472244616448555199e+00
7.572244616448554844e+00
7.672244616448554488e+00
7.772244616448554133e+00
7.872244616448555554e+00
7.972244616448555199e+00
8.072244616448553955e+00
8.172244616448553600e+00
8.272244616448553245e+00
8.372244616448554666e+00
8.472244616448554311e+00
8.572244616448553955e+00
8.672244616448553600e+00
8.772244616448553245e+00
8.872244616448554666e+00
8.972244616448554311e+00
9.072244616448553955e+00
9.172244616448553600e+00
9.272244616448555021e+00
9.372244616448554666e+00
9.472244616448554311e+00
9.572244616448553955e+00
