-9.232797651696420527e-01
-3.632797651696419994e-01
1.967202348303580817e-01
7.567202348303581072e-01
1.316720234830357938e+00
1.876720234830357770e+00
2.436720234830358489e+00
2.996720234830358098e+00
3.556720234830358596e+00
4.116720234830357761e+00
4.676720234830357370e+00
5.236720234830357867e+00
5.796720234830358365e+00
6.356720234830357086e+00
6.916720234830357583e+00
7.476720234830358081e+00
8.036720234830358578e+00
8.596720234830359075e+00
9.156720234830357796e+00
9.716720234830358294e+00
1.027672023483035879e+01
1.083672023483035929e+01
1.139672023483035979e+01
1.195672023483036028e+01
1.251672023483036078e+01
1.307672023483035950e+01
1.363672023483036000e+01
1.419672023483036050e+01
1.475672023483036099e+01
1.531672023483036149e+01
1.587672023483035844e+01
1.643672023483035716e+01
1.699672023483035943e+01
1.755672023483036170e+01
1.811672023483036043e+01
1.867672023483035915e+01
1.923672023483035787e+01
1.979672023483036014e+01
2.035672023483035886e+01
2.091672023483036114e+01
2.147672023483035986e+01
2.203672023483036213e+01
2.259672023483036085e+01
2.315672023483035602e+01
2.371672023483036185e+01
2.427672023483035701e+01
2.483672023483036284e+01
2.539672023483035801e+01
2.595672023483036384e+01
2.651672023483035900e+01
2.707672023483035773e+01
2.763672023483036000e+01
2.819672023483035872e+01
2.875672023483036099e+01
2.931672023483035971e+01
2.987672023483035844e+01
3.043672023483036071e+01
3.099672023483035943e+01
3.155672023483036170e+01
3.211672023483036043e+01
3.267672023483035559e+01
3.323672023483035787e+01
3.379672023483035304e+01
3.435672023483035531e+01
3.491672023483035758e+01
3.547672023483035275e+01
3.603672023483035503e+01
3.659672023483035730e+01
3.715672023483035957e+01
3.771672023483035474e+01
3.827672023483035701e+01
3.883672023483035929e+01
3.939672023483035446e+01
3.995672023483035673e+01
4.051672023483035900e+01
4.107672023483035417e+01
4.163672023483035645e+01
4.219672023483035161e+01
4.275672023483036099e+01
4.331672023483035616e+01
4.387672023483035133e+01
4.443672023483035360e+01
4.499672023483036298e+01
4.555672023483035815e+01
4.611672023483035332e+01
4.667672023483034849e+01
4.723672023483034366e+01
4.779672023483035304e+01
4.835672023483035531e+01
4.891672023483035048e+01
4.947672023483034565e+01
5.003672023483034792e+01
5.059672023483035730e+01
5.115672023483035247e+01
5.171672023483034764e+01
5.227672023483034991e+01
5.283672023483035929e+01
5.339672023483035446e+01
5.395672023483034963e+01
5.451672023483035190e+01
